01
00000000000
00000000000
00000000000
00000000000
00000000000
00000000000
00000000000
02
00000000000
00000000000
00000000000
00000000000
00000000000
00000000000
00000000000
03
00000000000
00000000000
00000000000
00000000000
00000000000
00000000000
00000000000
11
00000000000
00000000000
00000000000
00000000000
00000000000
00000000000
00000000000
12
00000000000
00000000000
00000000000
00000000000
00000000000
00000000000
00000000000
13
00000000000
00000000000
00000000000
00000000000
00000000000
00000000000
00000000000
21
00000000000
00000000000
00000000000
00000000000
00000000000
00000000000
00000000000
22
00000000000
00000000000
00000000000
00000000000
00000000000
00000000000
00000000000
23
00000000000
00000000000
00000000000
00000000000
00000000000
00000000000
00000000000
31
00000000000
00000000000
00000000000
00000000000
00000000000
00000000000
00000000000
32
00000000000
00000000000
00000000000
00000000000
00000000000
00000000000
00000000000
33
00000000000
00000000000
00000000000
00000000000
00000000000
00000000000
00000000000
41
00000000000
00000000000
00000000000
00000000000
00000000000
00000000000
00000000000
42
00000000000
00000000000
00000000000
00000000000
00000000000
00000000000
00000000000
43
00000000000
00000000000
00000000000
00000000000
00000000000
00000000000
00000000000
51
00000000000
00000000000
00000000000
00000000000
00000000000
00000000000
00000000000
52
00000000000
00000000000
00000000000
00000000000
00000000000
00000000000
00000000000
53
00000000000
00000000000
00000000000
00000000000
00000000000
00000000000
00000000000
61
00000000000
00000000000
00000000000
00000000000
00000000000
00000000000
00000000000
62
00000000000
00000000000
00000000000
00000000000
00000000000
00000000000
00000000000
63
00000000000
00000000000
00000000000
00000000000
00000000000
00000000000
00000000000
71
00000000000
00000000000
00000000000
00000000000
00000000000
00000000000
00000000000
72
00000000000
00000000000
00000000000
00000000000
00000000000
00000000000
00000000000
73
00000000000
00000000000
00000000000
00000000000
00000000000
00000000000
00000000000
81
00000000000
00000000000
00000000000
00000000000
00000000000
00000000000
00000000000
82
00000000000
00000000000
00000000000
00000000000
00000000000
00000000000
00000000000
83
00000000000
00000000000
00000000000
00000000000
00000000000
00000000000
00000000000
91
00000000000
00000000000
00000000000
00000000000
00000000000
00000000000
00000000000
92
00000000000
00000000000
00000000000
00000000000
00000000000
00000000000
00000000000
93
00000000000
00000000000
00000000000
00000000000
00000000000
00000000000
00000000000
